class_mse_std_train_5s__vocoder_sincnet_sinenet.png
accuracy
[5, 10, 15, 20, 25, 30, 35, 40]
[0.9897132616487456, 0.9926881720430109, 0.9929390681003584, 0.9930465949820788, 0.9936200716845875, 0.9935842293906809, 0.9938351254480284, 0.9940860215053764]
[0.002613853405334653, 0.0012112727913441733, 0.0011533854378044219, 0.0010076369958189676, 0.0007435395777242305, 0.0007724681744990775, 0.0007953547910151417, 0.0006154316897552155]
vocoder
[0.9868458781362008, 0.9937275985663082, 0.9946236559139786, 0.9946594982078856, 0.9946236559139787, 0.9946594982078857, 0.9946236559139787, 0.9946236559139787]
[0.002305906538773807, 0.001167130337245458, 0.0006314195908760377, 0.0004449903154810127, 2.2584051416334807e-16, 0.00019631632885490214, 2.2584051416334807e-16, 2.2584051416334807e-16]
sincnet
[0.9909318996415771, 0.9996057347670251, 0.9999283154121864, 0.9999641577060933, 1.0, 1.0, 1.0, 1.0]
[0.0027621750531173083, 0.00059790689975005, 0.0002728044426908252, 0.00019631632885490217, 0.0, 0.0, 0.0, 0.0]
sinenet